n: 1807082088687404805951656164405905566278102516769401349170127021450056662540244048387341127590812303371781887966563182013214880557
# norm 1.554717e-12 alpha -7.478224 e 7.518e-11 rroots 3
skew: 3118167.39
c0: -71347201095076410833957417187958125
c1: -18797121482636314714458106558
c2:  51435718350759156364263
c3: -1741645295821470
c4: -8161813346
c5:  420
Y0: -21220299083416930604316328
Y1:  72693909588431
type: gnfs